     t     00     01     10     11
  0.00   1.01  -0.01  -0.00   0.01
 26.00   1.00   0.00   0.01  -0.01
 52.00   1.00  -0.01   0.00   0.00
 78.00   1.00  -0.00  -0.00  -0.00
104.00   1.00   0.01  -0.01   0.01
130.00   0.94   0.00   0.05   0.01
156.00   0.76   0.08   0.15   0.01
182.00   0.60   0.15   0.18   0.08
208.00   0.41   0.21   0.19   0.18
234.00   0.30   0.20   0.23   0.28
260.00   0.27   0.23   0.25   0.25
286.00   0.27   0.23   0.22   0.28
312.00   0.25   0.27   0.28   0.20
338.00   0.17   0.31   0.33   0.18
364.00   0.02   0.43   0.47   0.08
390.00   0.00   0.52   0.47   0.01
416.00  -0.02   0.49   0.48   0.05
442.00   0.11   0.33   0.35   0.21
468.00   0.17   0.26   0.29   0.29
494.00   0.13   0.25   0.32   0.30
520.00   0.20   0.24   0.27   0.30
546.00   0.14   0.31   0.29   0.26
572.00   0.06   0.33   0.30   0.31
598.00   0.06   0.19   0.21   0.54
624.00   0.02   0.17   0.14   0.67
650.00  -0.02   0.14   0.12   0.76
676.00   0.02   0.09   0.07   0.81
702.00   0.01   0.08   0.12   0.79
728.00   0.02   0.11   0.09   0.78
754.00   0.02   0.09   0.08   0.80
780.00  -0.02   0.15   0.12   0.75
