     t     00     01     10     11
  0.00   0.99  -0.00   0.01   0.00
 26.00   1.04  -0.03  -0.03   0.02
 52.00   1.00  -0.02  -0.00   0.02
 78.00   0.98   0.01   0.00   0.00
104.00   1.04  -0.01  -0.03   0.00
130.00   0.94   0.05   0.01   0.00
156.00   0.75   0.15   0.11  -0.00
182.00   0.59   0.17   0.21   0.04
208.00   0.42   0.20   0.20   0.18
234.00   0.25   0.26   0.25   0.24
260.00   0.26   0.25   0.24   0.25
286.00   0.26   0.25   0.23   0.27
312.00   0.27   0.25   0.23   0.25
338.00   0.27   0.24   0.25   0.25
364.00   0.30   0.20   0.23   0.27
390.00   0.23   0.26   0.30   0.21
416.00   0.24   0.24   0.31   0.22
442.00   0.23   0.22   0.28   0.27
468.00   0.18   0.24   0.35   0.23
494.00   0.21   0.24   0.31   0.24
520.00   0.20   0.24   0.31   0.26
546.00   0.18   0.25   0.34   0.23
572.00   0.20   0.30   0.23   0.27
598.00   0.19   0.39   0.14   0.28
624.00   0.12   0.56   0.11   0.20
650.00   0.13   0.66   0.05   0.16
676.00   0.12   0.71   0.04   0.12
702.00   0.10   0.75   0.05   0.10
728.00   0.07   0.76   0.05   0.12
754.00   0.16   0.68   0.02   0.15
780.00   0.12   0.71   0.05   0.12
