     t     00     01     10     11
  0.00   0.99  -0.00   0.01   0.01
 26.00   1.00  -0.02   0.01   0.01
 52.00   1.02  -0.01  -0.01   0.00
 78.00   1.02  -0.01  -0.03   0.01
104.00   0.99   0.02  -0.01  -0.01
130.00   0.95   0.01   0.03   0.01
156.00   0.77   0.09   0.11   0.03
182.00   0.59   0.19   0.17   0.05
208.00   0.37   0.23   0.22   0.17
234.00   0.25   0.25   0.23   0.27
260.00   0.25   0.30   0.22   0.23
286.00   0.23   0.24   0.27   0.26
312.00   0.28   0.23   0.24   0.26
338.00   0.34   0.20   0.13   0.33
364.00   0.45   0.06   0.06   0.43
390.00   0.51  -0.02   0.01   0.51
416.00   0.46   0.06   0.06   0.43
442.00   0.35   0.16   0.15   0.34
468.00   0.27   0.22   0.19   0.31
494.00   0.31   0.21   0.21   0.28
520.00   0.29   0.20   0.19   0.33
546.00   0.30   0.25   0.20   0.25
572.00   0.34   0.21   0.21   0.24
598.00   0.49   0.18   0.19   0.14
624.00   0.63   0.15   0.15   0.08
650.00   0.66   0.14   0.14   0.06
676.00   0.70   0.11   0.11   0.08
702.00   0.72   0.12   0.09   0.07
728.00   0.66   0.15   0.14   0.04
754.00   0.72   0.14   0.08   0.06
780.00   0.65   0.16   0.16   0.04
