     t     00     01     10     11
  0.00   1.02  -0.01  -0.01   0.00
 25.00   0.99   0.01   0.01  -0.01
 50.00   0.97   0.01   0.02  -0.00
 75.00   1.02  -0.01  -0.04   0.03
100.00   1.02  -0.02  -0.01   0.01
125.00   1.02  -0.02  -0.01   0.01
150.00   1.01   0.00   0.01  -0.02
175.00   0.95   0.03   0.02  -0.01
200.00   0.85   0.08   0.07   0.01
225.00   0.66   0.16   0.13   0.05
250.00   0.39   0.25   0.24   0.12
275.00   0.24   0.30   0.23   0.23
300.00   0.23   0.24   0.21   0.32
325.00   0.15   0.26   0.33   0.27
350.00   0.22   0.25   0.23   0.30
375.00   0.26   0.26   0.21   0.28
400.00   0.20   0.23   0.28   0.30
425.00   0.18   0.24   0.29   0.29
450.00   0.20   0.27   0.27   0.26
475.00   0.24   0.28   0.21   0.27
500.00   0.38   0.23   0.23   0.17
525.00   0.55   0.22   0.18   0.05
550.00   0.68   0.18   0.11   0.04
575.00   0.76   0.11   0.06   0.07
600.00   0.82   0.10   0.05   0.04
625.00   0.81   0.09   0.04   0.06
650.00   0.76   0.11   0.07   0.05
675.00   0.77   0.16   0.06   0.01
700.00   0.77   0.12   0.06   0.05
725.00   0.79   0.12   0.06   0.03
750.00   0.76   0.15   0.09   0.01
