     t     00     01     10     11
  0.00   0.98   0.00   0.01   0.00
 30.80   1.01  -0.01  -0.01   0.01
 61.60   1.02  -0.00  -0.03   0.01
 92.40   1.00  -0.01   0.01   0.01
123.20   1.03  -0.02  -0.02   0.01
154.00   1.03  -0.05   0.01   0.01
184.80   0.94   0.04   0.04  -0.02
215.60   0.75   0.11   0.12   0.02
246.40   0.51   0.22   0.20   0.07
277.20   0.31   0.25   0.20   0.23
308.00   0.13   0.35   0.20   0.32
338.80   0.06   0.43   0.07   0.44
369.60  -0.01   0.48   0.02   0.50
400.40  -0.01   0.52  -0.00   0.48
431.20  -0.02   0.46   0.01   0.55
462.00  -0.01   0.51   0.01   0.50
492.80  -0.00   0.46  -0.01   0.55
523.60   0.01   0.44   0.00   0.56
554.40   0.02   0.48   0.03   0.48
585.20   0.03   0.45   0.10   0.42
616.00   0.12   0.37   0.20   0.32
646.80   0.18   0.27   0.29   0.26
677.60   0.16   0.18   0.47   0.19
708.40   0.12   0.14   0.64   0.09
739.20   0.11   0.07   0.73   0.09
770.00   0.13   0.10   0.72   0.05
800.80   0.11   0.09   0.75   0.05
831.60   0.11   0.08   0.78   0.04
862.40   0.09   0.06   0.80   0.05
893.20   0.11   0.09   0.74   0.07
924.00   0.07   0.08   0.78   0.07
