     t     00     01     10     11
  0.00   0.99   0.01   0.01  -0.01
 30.80   1.01  -0.00  -0.01   0.00
 61.60   1.02  -0.01  -0.01   0.00
 92.40   0.98   0.01   0.00   0.01
123.20   1.01  -0.02  -0.01   0.01
154.00   0.99   0.00   0.01  -0.00
184.80   0.93   0.03   0.03   0.01
215.60   0.72   0.12   0.14   0.02
246.40   0.50   0.22   0.17   0.11
277.20   0.26   0.27   0.23   0.24
308.00   0.34   0.15   0.31   0.20
338.80   0.41   0.08   0.40   0.12
369.60   0.43   0.04   0.45   0.07
400.40   0.48   0.02   0.48   0.03
431.20   0.42   0.05   0.53  -0.00
462.00   0.42   0.05   0.54  -0.01
492.80   0.46   0.02   0.48   0.04
523.60   0.40   0.05   0.51   0.04
554.40   0.40   0.06   0.46   0.08
585.20   0.31   0.15   0.46   0.07
616.00   0.29   0.20   0.34   0.17
646.80   0.20   0.24   0.31   0.26
677.60   0.18   0.16   0.46   0.19
708.40   0.09   0.09   0.69   0.13
739.20   0.09   0.06   0.76   0.09
770.00   0.03   0.05   0.84   0.08
800.80   0.05   0.07   0.81   0.07
831.60   0.07   0.05   0.81   0.07
862.40   0.07   0.07   0.81   0.05
893.20   0.03   0.06   0.84   0.07
924.00   0.06   0.06   0.81   0.07
