7.999999999999999638e-07 1.701925186375798787e-02 2.432244897215730169e-03 3.299911556427276849e-01 6.505331516061652053e-01
8.435897435897435326e-07 1.728018316406406893e-02 2.556644486117462534e-03 2.202971712889255917e-01 7.598333718493291977e-01
8.871794871794871013e-07 1.450755088245145492e-02 2.224849950630601245e-03 3.068514420199630055e-01 6.763856222429183163e-01
9.307692307692307760e-07 1.965090678548870456e-02 2.617306371907492449e-03 5.251097915655796866e-01 4.525889512888634503e-01
9.743589743589742389e-07 1.700741250252378947e-02 2.604881684164545626e-03 6.849123261609133539e-01 2.954417193537619002e-01
1.017948717948718019e-06 1.736695960836613997e-02 2.955519058648048425e-03 7.079601334899993104e-01 2.716821182527645040e-01
1.061538461538461588e-06 1.601389355333949702e-02 2.477898128501342025e-03 6.421722662703183149e-01 3.392987988731343552e-01
1.105128205128205157e-06 1.591440295591152118e-02 2.451591283183451441e-03 4.758702466520998153e-01 5.057246435358315750e-01
1.148717948717948726e-06 1.966190517738972479e-02 2.647857892234554023e-03 2.868262918788443971e-01 6.908209850756925618e-01
1.192307692307692294e-06 1.822269561948702821e-02 2.634193320139135638e-03 2.529000344758175478e-01 7.262032565041439680e-01
1.235897435897435863e-06 1.677210501448836433e-02 2.715279718163468928e-03 3.778424528930108273e-01 6.026180122137937412e-01
1.279487179487179432e-06 1.750118822269391625e-02 2.397749392394055851e-03 5.221744535369896578e-01 4.578793517895198284e-01
1.323076923076923213e-06 1.374434092966261324e-02 2.869822770958918405e-03 6.803693798103122026e-01 3.029705299568661858e-01
1.366666666666666570e-06 1.714122679478519151e-02 2.798537910853202571e-03 7.113386770185786689e-01 2.686738761287526533e-01
1.410256410256410350e-06 1.814084196666680693e-02 2.845672699838010505e-03 5.506025525074340621e-01 4.283615311283526794e-01
1.453846153846153919e-06 1.733219833439431090e-02 2.967166665763626768e-03 4.339936005066858948e-01 5.456632247749905185e-01
1.497435897435897488e-06 1.661657648674304960e-02 2.627269859472603549e-03 3.558671477895952728e-01 6.248322281510076959e-01
1.541025641025641056e-06 1.762431759152855229e-02 2.628714999388244780e-03 3.566871693374020214e-01 6.230081548934910396e-01
1.584615384615384625e-06 1.505482775611243634e-02 2.622989691012387985e-03 4.078184786046684107e-01 5.744523195177191344e-01
1.628205128205128406e-06 1.825147400523249169e-02 2.880638981271495518e-03 5.956057733369410911e-01 3.832047388347852301e-01
1.671794871794871763e-06 1.788742616201224531e-02 2.777449822478253016e-03 6.252212435334211227e-01 3.540583641871467013e-01
1.715384615384615543e-06 1.380515101222343395e-02 2.453323253189200817e-03 6.363754047617076193e-01 3.473083916889832534e-01
1.758974358974359112e-06 1.539982400948492793e-02 3.042758097544253498e-03 5.379777050754998013e-01 4.435107267353526339e-01
1.802564102564102681e-06 1.732947294951380293e-02 2.907674807430235368e-03 4.056229715829366977e-01 5.740879969431290641e-01
1.846153846153846249e-06 1.764301776496469618e-02 2.439813621274817927e-03 3.025533097387601567e-01 6.773053917887011943e-01
1.889743589743589818e-06 1.441779154400304845e-02 2.263002432134916895e-03 3.604558602425327329e-01 6.228045003410113134e-01
1.933333333333333175e-06 1.619077755944439354e-02 2.947436683535775617e-03 4.749511280263154500e-01 5.058527262457024332e-01
1.976923076923076956e-06 1.668689543173995996e-02 2.480784701556859248e-03 6.013562202515817523e-01 3.794090502211116545e-01
2.020512820512820736e-06 1.867863125962986037e-02 2.484791709850850492e-03 5.859861708795164326e-01 3.927770825056742798e-01
2.064102564102564517e-06 2.220870632246739126e-02 2.903130476008151158e-03 5.631800356502569826e-01 4.116417882767662850e-01
2.107692307692307874e-06 1.854414341326383886e-02 2.763360713811296825e-03 5.025160034871065662e-01 4.760966241472031624e-01
2.151282051282051231e-06 1.511330414573232306e-02 2.310037998784167813e-03 4.279350650073406315e-01 5.545619746371432957e-01
2.194871794871795011e-06 1.794280876088269125e-02 2.439906302220752263e-03 3.532721245762026063e-01 6.262767098675855459e-01
2.238461538461538792e-06 1.720808278980081457e-02 2.301688992300090705e-03 3.887313925035683626e-01 5.916905279174833332e-01
2.282051282051282149e-06 1.724454270564793404e-02 2.268754187589049759e-03 4.869112874213428754e-01 4.935093633614350273e-01
2.325641025641025506e-06 1.723019616114040975e-02 3.054953115169144629e-03 5.873879928143507234e-01 3.922564140193878779e-01
2.369230769230769286e-06 1.630910212728582317e-02 2.606098233885238268e-03 6.183147670652298089e-01 3.626883238556218303e-01
2.412820512820513067e-06 1.916414026139465557e-02 2.758226991070903203e-03 5.404168097917825264e-01 4.375829188830039351e-01
2.456410256410256847e-06 1.479546548144018876e-02 2.470938071417181844e-03 5.021699987788877939e-01 4.804791279178758368e-01
2.500000000000000205e-06 1.662777479474974660e-02 2.057659237001681612e-03 4.246579920125531649e-01 5.565877478634323472e-01
