0.000000000000000000e+00 1.706052082198140224e-02 1.110598957405296502e-03 9.281087992136360931e-01 5.371995361681757702e-02
3.797468354430379784e-08 1.941866712147559751e-02 1.624233410198511760e-03 8.136443422505729162e-01 1.653081575337549125e-01
7.594936708860759569e-08 1.896136541698265066e-02 2.214571051480688450e-03 5.728012653175937885e-01 4.060186695957427871e-01
1.139240506329113869e-07 1.989311081102772619e-02 3.177617488615058338e-03 2.670027783817139344e-01 7.099171638164625264e-01
1.518987341772151914e-07 1.707526398941203519e-02 3.333616668453897019e-03 1.163685530921276939e-01 8.632180680106258386e-01
1.898734177215189958e-07 2.092010933782197796e-02 3.242432270597209523e-03 1.560124719899292911e-01 8.198081307608340307e-01
2.278481012658227738e-07 1.872778358638593418e-02 2.506192954284172051e-03 2.869597483469276678e-01 6.917977963552437437e-01
2.658227848101265783e-07 1.691030151181633495e-02 2.034832595825486045e-03 5.680718976433001277e-01 4.129718847421587347e-01
3.037974683544303828e-07 1.715870577932006660e-02 1.602183754671626485e-03 7.882915225290778594e-01 1.929380923506679446e-01
3.417721518987341872e-07 1.902218035082498676e-02 1.955867350442954625e-03 8.465267671250318315e-01 1.324810163385796435e-01
3.797468354430379917e-07 1.778723740445437018e-02 2.414605616859778758e-03 7.356178552663252823e-01 2.441639840142643403e-01
4.177215189873417961e-07 1.685491284603673340e-02 2.791320457957620522e-03 4.663061062972305160e-01 5.140332609540873010e-01
4.556962025316455477e-07 1.721433101751739317e-02 3.070476295844212344e-03 2.874282356157953910e-01 6.922630171805954635e-01
4.936708860759494051e-07 1.752851477810736178e-02 2.745695042196941073e-03 1.737847808769833469e-01 8.059258976606215041e-01
5.316455696202531566e-07 1.649923337595208400e-02 2.587235876668900030e-03 2.012792679855929245e-01 7.796120023853971848e-01
5.696202531645570140e-07 1.660370042894217940e-02 2.497100507563001972e-03 3.529067405355169051e-01 6.279731935099754914e-01
6.075949367088607655e-07 1.748168211994626312e-02 2.310020389128844900e-03 5.997004942480969047e-01 3.804859932978955084e-01
6.455696202531645170e-07 1.496598400525381983e-02 2.211244978517627833e-03 7.343567740626865126e-01 2.484447155671540841e-01
6.835443037974683744e-07 1.575236345140081790e-02 2.239257240551082231e-03 7.898995313319994160e-01 1.920848610492933151e-01
7.215189873417721259e-07 1.466888286298589049e-02 2.577062581231681464e-03 6.700157056651869780e-01 3.127008165310644072e-01
7.594936708860759834e-07 1.780355188281356957e-02 2.874720850368652110e-03 4.819263574695247798e-01 4.973661498326664709e-01
7.974683544303797349e-07 1.392326340571590181e-02 2.399533052599476125e-03 3.089260879461113718e-01 6.747226353126241083e-01
8.354430379746835923e-07 2.053693121305799618e-02 3.093659007420656443e-03 2.188772936229341215e-01 7.574669109386675814e-01
8.734177215189873438e-07 1.413752195135578767e-02 2.254946446653628006e-03 2.530001952001377785e-01 7.305724946252888374e-01
9.113924050632910953e-07 1.519781646438522586e-02 2.418556150735005732e-03 3.834973257760851961e-01 5.988463928861118557e-01
9.493670886075949527e-07 1.603931927397928697e-02 2.175531800496110016e-03 6.091920372709185294e-01 3.725623132243472968e-01
9.873417721518988101e-07 1.567252329059370605e-02 2.306956799549327117e-03 6.639992866837366448e-01 3.179886948001950375e-01
1.025316455696202456e-06 1.952547725491587949e-02 2.648596821671727643e-03 7.161970871439649056e-01 2.615887064146718566e-01
1.063291139240506313e-06 1.525917839191291356e-02 2.415514458316263095e-03 6.242646584814632860e-01 3.580228827044144579e-01
1.101265822784810171e-06 1.627273994370692298e-02 2.367807294871389009e-03 4.992613351086014895e-01 4.820618069497172309e-01
1.139240506329114028e-06 1.571887429874262512e-02 2.667020422822791517e-03 3.194188830915724031e-01 6.621584332820832364e-01
1.177215189873417674e-06 1.612047804903601195e-02 2.221172090533642205e-03 2.746047346121276989e-01 7.070112093744980175e-01
1.215189873417721531e-06 1.810419830919642731e-02 2.935634618549131086e-03 3.041280861933925439e-01 6.747852047024632816e-01
1.253164556962025388e-06 1.596923563011816080e-02 2.201538541526242097e-03 4.066018309311442147e-01 5.751820564062162244e-01
1.291139240506329034e-06 1.337806966143505194e-02 2.365801012622999275e-03 5.566840817851297363e-01 4.275293601877072081e-01
1.329113924050632891e-06 1.595828652194265437e-02 2.457910366938207032e-03 6.788709490543837211e-01 3.026670636965057559e-01
1.367088607594936749e-06 1.626654497817744266e-02 2.533439297217152109e-03 6.767464005365637636e-01 3.044002265680182395e-01
1.405063291139240606e-06 1.685717279264237894e-02 2.477100939578338185e-03 5.975175553624844094e-01 3.831013533414525662e-01
1.443037974683544252e-06 1.823393982407147187e-02 2.345561465487863012e-03 4.624869337130541602e-01 5.168841001724010509e-01
1.481012658227848109e-06 1.572252496197371410e-02 2.687619869004428345e-03 3.300143163032571159e-01 6.515160712410761334e-01
1.518987341772151967e-06 1.730035738349971694e-02 2.514286982750984015e-03 2.716352139309358149e-01 7.085076291033010065e-01
1.556962025316455612e-06 1.724725990295842767e-02 2.404500900358600562e-03 3.581135963279633017e-01 6.221813346861297944e-01
1.594936708860759470e-06 1.889911354199625901e-02 2.457381693753491088e-03 5.141119217850188550e-01 4.644795229860548824e-01
1.632911392405063327e-06 1.675773239572548798e-02 2.351069745814635646e-03 5.554109523086868672e-01 4.254184758650256803e-01
1.670886075949367185e-06 1.496460809958994470e-02 2.520073664172985551e-03 6.354275322014554250e-01 3.470343708435381647e-01
1.708860759493670830e-06 1.828240487606018136e-02 2.510236006206191268e-03 6.401155428895484167e-01 3.390303051820284796e-01
1.746835443037974688e-06 1.351615249590398631e-02 2.557147293709895013e-03 5.861418257380297536e-01 3.977185143140266610e-01
1.784810126582278545e-06 1.702487788200872029e-02 2.555667366831521070e-03 4.616129741178978674e-01 5.187462824808374284e-01
1.822784810126582191e-06 1.811597879915096548e-02 2.655335955370138456e-03 3.708204383211449184e-01 6.083475276988601355e-01
1.860759493670886048e-06 1.647885499056660902e-02 2.392149790996670605e-03 3.537645394996701276e-01 6.273028441136581090e-01
1.898734177215189905e-06 1.585177299786390270e-02 2.510931450547625350e-03 3.583274670209770085e-01 6.232391997241557569e-01
1.936708860759493763e-06 1.637409917075448654e-02 2.694605551579072437e-03 4.581791069328552402e-01 5.226884904631021733e-01
1.974683544303797620e-06 1.605763023970644202e-02 2.488522106115928934e-03 5.475457417690833273e-01 4.338368685674314773e-01
2.012658227848101478e-06 1.712393412314644134e-02 2.408018641264354602e-03 6.425655881028461414e-01 3.378286661038383265e-01
2.050632911392404912e-06 1.880197023166078896e-02 2.753478506911721975e-03 5.754216809281867961e-01 4.029561468324538986e-01
2.088607594936708769e-06 1.875902587513492842e-02 2.898952628659109791e-03 5.457182420547667112e-01 4.325553414325046253e-01
2.126582278481012626e-06 1.822738482567372656e-02 2.733408902243078097e-03 4.564699244741677320e-01 5.224927039354371194e-01
2.164556962025316484e-06 1.808374818629308184e-02 2.912959118150813039e-03 3.768858244278323055e-01 6.020428951848344479e-01
2.202531645569620341e-06 1.886284633317372728e-02 2.545018204285903751e-03 3.733286082937998795e-01 6.051907828778114729e-01
2.240506329113924199e-06 1.476241849527259141e-02 2.227852962148705977e-03 3.798480924237417344e-01 6.030876345477719225e-01
2.278481012658228056e-06 1.826238873260926238e-02 2.996322740104340274e-03 4.624193955428274605e-01 5.162386325651978636e-01
2.316455696202531490e-06 1.395639285050156823e-02 2.491698516994824645e-03 5.896340920053332324e-01 3.938299621357426727e-01
2.354430379746835347e-06 1.590816251034957857e-02 2.506286041330043485e-03 5.956901530181455406e-01 3.858168268668326628e-01
2.392405063291139205e-06 1.698363553741197990e-02 2.675392714170457976e-03 5.716108391462458860e-01 4.086461331674294817e-01
2.430379746835443062e-06 1.960488300009051096e-02 2.609370681425196396e-03 5.465976451558538507e-01 4.311168000866850147e-01
2.468354430379746919e-06 1.674014006209368494e-02 2.505271101463218790e-03 4.490525186911579203e-01 5.316089273318700403e-01
2.506329113924050777e-06 1.886846876678996421e-02 2.694720182775537168e-03 4.288777830058887464e-01 5.494692612244972407e-01
2.544303797468354634e-06 1.633483456778207082e-02 2.512712491791641543e-03 4.168689986714611551e-01 5.642010343139570727e-01
2.582278481012658068e-06 1.576989016350842376e-02 2.616309373615298244e-03 4.291619584280043642e-01 5.523616128129719138e-01
2.620253164556961926e-06 1.654518690760709704e-02 2.385259523032271390e-03 5.074605344221467806e-01 4.735184035065193586e-01
2.658227848101265783e-06 1.544432643432726467e-02 2.997820623440153234e-03 5.520046828587397147e-01 4.294720062301677910e-01
2.696202531645569640e-06 1.667742524254935479e-02 2.545617241267988246e-03 5.901584729604901769e-01 3.905239178221147078e-01
2.734177215189873498e-06 1.615151330769681523e-02 2.847402059101160777e-03 5.417254029918749936e-01 4.391964211159602449e-01
2.772151898734177355e-06 1.729808528105428872e-02 2.733651698477090972e-03 4.743012058545101328e-01 5.055781394958441810e-01
2.810126582278481213e-06 1.573006290535908930e-02 2.359581476002122619e-03 4.913450435850990616e-01 4.904739111992731382e-01
2.848101265822784646e-06 1.991280368361690589e-02 2.946746535782513495e-03 4.528770792309909088e-01 5.241701240845850762e-01
2.886075949367088504e-06 1.719849612256864335e-02 2.727940984936105644e-03 3.949548914243923847e-01 5.850253573023406206e-01
2.924050632911392361e-06 1.568796709399358780e-02 2.310467794329268236e-03 4.372546538860562215e-01 5.446447816734427683e-01
2.962025316455696219e-06 1.807503303319622431e-02 2.921816673781045103e-03 4.863635998858317211e-01 4.925445679970823498e-01
3.000000000000000076e-06 1.875007937247197623e-02 3.090318202800158495e-03 5.268837247481734654e-01 4.511758971482872638e-01
