     t     00     01     10     11
  0.00   1.00  -0.01   0.00   0.01
 26.00   0.99   0.01   0.01  -0.01
 52.00   1.01  -0.01  -0.00   0.00
 78.00   1.00   0.01  -0.01   0.00
104.00   1.02  -0.02  -0.01   0.01
130.00   0.92   0.03   0.04   0.01
156.00   0.82   0.07   0.08   0.03
182.00   0.60   0.18   0.17   0.06
208.00   0.39   0.22   0.23   0.16
234.00   0.27   0.26   0.23   0.23
260.00   0.29   0.25   0.22   0.24
286.00   0.27   0.27   0.25   0.20
312.00   0.25   0.25   0.27   0.23
338.00   0.21   0.29   0.27   0.23
364.00   0.28   0.25   0.23   0.24
390.00   0.24   0.30   0.22   0.23
416.00   0.22   0.29   0.25   0.24
442.00   0.20   0.31   0.26   0.23
468.00   0.26   0.26   0.21   0.27
494.00   0.22   0.29   0.24   0.25
520.00   0.22   0.31   0.21   0.26
546.00   0.20   0.31   0.25   0.25
572.00   0.21   0.26   0.31   0.22
598.00   0.18   0.16   0.45   0.22
624.00   0.16   0.11   0.58   0.16
650.00   0.15   0.06   0.64   0.15
676.00   0.12   0.06   0.72   0.10
702.00   0.09   0.06   0.75   0.11
728.00   0.10   0.08   0.71   0.10
754.00   0.08   0.09   0.73   0.09
780.00   0.07   0.09   0.76   0.08
