     t     00     01     10     11
  0.00   0.98  -0.00   0.02  -0.00
 26.70   1.01  -0.01   0.00  -0.00
 53.40   1.00   0.01  -0.02   0.01
 80.10   1.00  -0.01   0.01   0.00
106.80   1.01   0.01  -0.02  -0.00
133.50   1.00  -0.00   0.00   0.00
160.20   1.00  -0.00   0.01  -0.00
186.90   0.90   0.05   0.05   0.01
213.60   0.77   0.14   0.09   0.01
240.30   0.48   0.23   0.21   0.08
267.00   0.28   0.30   0.25   0.17
293.70   0.25   0.28   0.22   0.26
320.40   0.26   0.28   0.23   0.22
347.10   0.29   0.26   0.19   0.26
373.80   0.28   0.19   0.21   0.32
400.50   0.27   0.22   0.23   0.28
427.20   0.26   0.23   0.20   0.30
453.90   0.30   0.25   0.21   0.24
480.60   0.27   0.24   0.20   0.29
507.30   0.22   0.27   0.24   0.28
534.00   0.28   0.26   0.24   0.21
560.70   0.46   0.24   0.20   0.10
587.40   0.61   0.15   0.19   0.05
614.10   0.76   0.12   0.11   0.01
640.80   0.82   0.08   0.08   0.02
667.50   0.82   0.07   0.09   0.01
694.20   0.82   0.09   0.11  -0.01
720.90   0.81   0.08   0.11   0.00
747.60   0.81   0.07   0.11   0.01
774.30   0.88   0.04   0.05   0.03
801.00   0.83   0.07   0.09   0.02
